{
    "accuracy": 0.7662650602409639,
    "precision": 0.7472014925373134,
    "recall": 0.7891625615763547,
    "f1": 0.7676090081456637
}