{
    "accuracy": 0.6949397590361446,
    "precision": 0.7089715536105032,
    "recall": 0.638423645320197,
    "f1": 0.671850699844479
}